((0,0),254.866300855826    253.23773396982486  256.395822461074    ... (1024 total)
256.80070583390466  258.1406042999363   259.55421806108825  ...
260.29828386879086  258.00726636756167  257.3431663564235   ...
251.12633589571902  254.35045249979794  252.51165695238393  ...
263.5703253080816   260.8110326648934   263.8444843238394   ...
254.072646312384    253.55678985218762  254.71569643191125  ...
267.43392228327053  261.4478732797033   259.0940496376083   ...
252.56485926853696  248.6782004683653   250.4839369034346   ...
257.3051253133224   251.78388145168972  252.2958307392719   ...
262.1180467759362   251.53142286194324  258.2048270658435   ...
260.2791016722728   258.04542015943076  254.72515513610475  ...
248.00014053392283  245.47782627609183  249.5727729289626   ...
258.37440163096045  258.50345041517176  256.33892759445183  ...
252.89976712894725  249.47007814174873  248.75066416123713  ...
254.57367359818898  258.46158601757827  248.4591938397389   ...
252.0738966470921   250.16299264745356  251.95117262996368  ...
254.75947672786046  257.09905171911396  257.0811224713776   ...
260.6005170083978   253.5125069653204   253.45805737026575  ...
253.00819800475105  248.2446501059123   251.00710200120065  ...
256.52997468149727  250.56619768058135  252.66060062061675  ...
253.48709587632575  257.93550749295815  256.25064833070087  ...
259.26067946553377  258.9025249295571   262.48184446955577  ...
255.1128084679214   252.0646692799324   246.52063446099467  ...
252.82073689167555  247.88057139102926  247.92152719579698  ...
255.24613272260035  256.79829753201966  256.0539054773018   ...
262.55314521687103  260.13846266460916  258.71844695032013  ...
259.33312208749584  250.04479208247957  247.7571004418657   ...
257.1845807966564   259.09679188405477  258.9282151049182   ...
252.37816954234563  251.56970022527804  257.81895198605224  ...
249.49511830545933  257.2115418636867   252.60529234038432  ...
257.0941347167897   254.44716150140167  251.69216994387867  ...
246.8108559959693   245.09692548918053  243.49367449428644  ...
256.66701666510414  255.28903111210187  258.76336484604707  ...
248.75116102008377  256.2753703533572   254.3710286212275   ...
253.33252254068043  250.42441495609125  247.1777823313869   ...
250.368130657523    248.44948756494964  248.37754086466236  ...
257.62811374585993  256.0102747242248   261.13312726345845  ...
260.2019691383934   253.29841480143935  253.32378440625166  ...
252.43647379677319  255.94230670120152  252.24051205445994  ...
252.31762598032338  248.38347742820812  252.01706859865897  ...
251.52090959302723  248.12124425900947  256.02011360763026  ...
265.7506931230707   259.33206783222806  264.7434498453665   ...
253.0894196410934   252.15647941973202  256.9089948556728   ...
256.3798385956485   255.36202423020808  253.65764215642164  ...
256.7440869991259   254.01235000670357  257.08831734799963  ...
252.5154645475441   251.7069665427165   247.1901852395094   ...
255.36115012794758  253.60878204122855  254.24607920906166  ...
260.0821701038603   261.2346693081122   264.42699893389573  ...
258.40981225621294  255.27786197894477  250.0229463371864   ...
262.4333329454894   258.16595465636124  261.06519915547136  ...
241.83305872486795  237.74001191601994  239.0941448024528   ...
258.61288965111856  257.3360488698394   256.0818364591317   ...
253.93450316544502  251.37385159568112  254.64069834092243  ...
259.0414162917257   260.5037694402923   259.50001564962173  ...
257.7049351161299   248.95481652610607  250.89843796263972  ...
248.15681068286423  248.35516491493289  248.63865512402924  ...
249.76157269692297  249.95547870775917  247.78850257468275  ...
256.89391550894777  257.82195599849933  254.62981735785772  ...
256.562479813772    256.3632059633103   255.78476787654856  ...
257.49369461276456  258.98047703942905  255.52288111856484  ...
251.6536463438071   254.44366545181313  250.20031691718037  ...
252.86220349722572  255.47497057562816  256.9613865964095   ...
250.11780945004878  248.89302985562665  250.24521791958801  ...
248.58060628557058  249.46226887492932  250.7553978023308   ...
256.57336134231724  266.8108938153145   265.1315906584854   ...
250.9099239244283   247.74112099877553  251.15831799155387  ...
260.72703500768256  254.59665235227868  258.0335061401413   ...
264.5300997460105   264.77397772899116  266.3583661297769   ...
258.9943503443287   252.6349488737997   258.84460905396685  ...
246.04813882476057  244.59476651510508  248.41354162791382  ...
262.29135057390357  255.4316483756071   253.90642129395223  ...
264.90529617256595  264.8519519703964   264.49397057156483  ...
246.70575524240485  243.22636193068448  245.62203134377762  ...
251.53630706933646  247.28788540981003  253.71869671124188  ...
256.3952266164739   249.9541060450557   250.05883936048184  ...
257.75560469646234  252.21213944092784  253.48969768514462  ...
253.46231344419792  251.87595999434484  250.7432044703365   ...
258.96513611136123  257.1301532156817   255.20008831954823  ...
264.3806519625781   259.6374988372104   264.53084555008945  ...
... (1024 total))
